  1601     0.00000063  1000.00000000     0.00000000   357.10000000
  1602     0.00000063  1000.00000000     0.00000000   357.10000000
  1603     0.00000063  1000.00000000     0.00000000   357.10000000
  1604     0.00000063  1000.00000000     0.00000000   357.10000000
  1605     0.00000063  1000.00000000     0.00000000   357.10000000
  1606     0.00000063  1000.00000000     0.00000000   357.10000000
  1607     0.00000063  1000.00000000     0.00000000   357.10000000
  1608     0.00000063  1000.00000000     0.00000000   357.10000000
  1609     0.00000063  1000.00000000     0.00000000   357.10000000
  1610     0.00000063  1000.00000000     0.00000000   357.10000000
  1611     0.00000063  1000.00000000     0.00000000   357.10000000
  1612     0.00000063  1000.00000000     0.00000000   357.10000000
  1613     0.00000063  1000.00000000     0.00000000   357.10000000
  1614     0.00000063  1000.00000000     0.00000000   357.10000000
  1615     0.00000063  1000.00000000     0.00000000   357.10000000
  1616     0.00000063  1000.00000000     0.00000000   357.10000000
  1617     0.00000063  1000.00000000     0.00000000   357.10000000
  1618     0.00000063  1000.00000000     0.00000000   357.10000000
  1619     0.00000063  1000.00000000     0.00000000   357.10000000
  1620     0.00000063  1000.00000000     0.00000000   357.10000000
  1621     0.00000063  1000.00000000     0.00000000   357.10000000
  1622     0.00000063  1000.00000000     0.00000000   357.10000000
  1623     0.00000063  1000.00000000     0.00000000   357.10000000
  1624     0.00000063  1000.00000000     0.00000000   357.10000000
  1625     0.00000063  1000.00000000     0.00000000   357.10000000
  1626     0.00000063  1000.00000000     0.00000000   357.10000000
  1627     0.00000063  1000.00000000     0.00000000   357.10000000
  1628     0.00000063  1000.00000000     0.00000000   357.10000000
  1629     0.00000063  1000.00000000     0.00000000   357.10000000
  1630     0.00000063  1000.00000000     0.00000000   357.10000000
  1631     0.00000063  1000.00000000     0.00000000   357.10000000
  1632     0.00000063  1000.00000000     0.00000000   357.10000000
  1633     0.00000063  1000.00000000     0.00000000   357.10000000
  1634     0.00000063  1000.00000000     0.00000000   357.10000000
  1635     0.00000063  1000.00000000     0.00000000   357.10000000
  1636     0.00000063  1000.00000000     0.00000000   357.10000000
  1637     0.00000063  1000.00000000     0.00000000   357.10000000
  1638     0.00000063  1000.00000000     0.00000000   357.10000000
  1639     0.00000063  1000.00000000     0.00000000   357.10000000
  1640     0.00000063  1000.00000000     0.00000000   357.10000000
  1641     0.00000063  1000.00000000     0.00000000   357.10000000
  1642     0.00000063  1000.00000000     0.00000000   357.10000000
  1643     0.00000063  1000.00000000     0.00000000   357.10000000
  1644     0.00000063  1000.00000000     0.00000000   357.10000000
  1645     0.00000063  1000.00000000     0.00000000   357.10000000
  1646     0.00000063  1000.00000000     0.00000000   357.10000000
  1647     0.00000063  1000.00000000     0.00000000   357.10000000
  1648     0.00000063  1000.00000000     0.00000000   357.10000000
  1649     0.00000063  1000.00000000     0.00000000   357.10000000
  1650     0.00000063  1000.00000000     0.00000000   357.10000000
  1651     0.00000063  1000.00000000     0.00000000   357.10000000
  1652     0.00000063  1000.00000000     0.00000000   357.10000000
  1653     0.00000063  1000.00000000     0.00000000   357.10000000
  1654     0.00000063  1000.00000000     0.00000000   357.10000000
  1655     0.00000063  1000.00000000     0.00000000   357.10000000
  1656     0.00000063  1000.00000000     0.00000000   357.10000000
  1657     0.00000063  1000.00000000     0.00000000   357.10000000
  1658     0.00000063  1000.00000000     0.00000000   357.10000000
  1659     0.00000063  1000.00000000     0.00000000   357.10000000
  1660     0.00000063  1000.00000000     0.00000000   357.10000000
  1661     0.00000063  1000.00000000     0.00000000   357.10000000
  1662     0.00000063  1000.00000000     0.00000000   357.10000000
  1663     0.00000063  1000.00000000     0.00000000   357.10000000
  1664     0.00000063  1000.00000000     0.00000000   357.10000000
  1665     0.00000063  1000.00000000     0.00000000   357.10000000
  1666     0.00000063  1000.00000000     0.00000000   357.10000000
  1667     0.00000063  1000.00000000     0.00000000   357.10000000
  1668     0.00000063  1000.00000000     0.00000000   357.10000000
  1669     0.00000063  1000.00000000     0.00000000   357.10000000
  1670     0.00000063  1000.00000000     0.00000000   357.10000000
  1671     0.00000063  1000.00000000     0.00000000   357.10000000
  1672     0.00000063  1000.00000000     0.00000000   357.10000000
  1673     0.00000063  1000.00000000     0.00000000   357.10000000
  1674     0.00000063  1000.00000000     0.00000000   357.10000000
  1675     0.00000063  1000.00000000     0.00000000   357.10000000
  1676     0.00000063  1000.00000000     0.00000000   357.10000000
  1677     0.00000063  1000.00000000     0.00000000   357.10000000
  1678     0.00000063  1000.00000000     0.00000000   357.10000000
  1679     0.00000063  1000.00000000     0.00000000   357.10000000
  1680     0.00000063  1000.00000000     0.00000000   357.10000000
  1681     0.00000063  1000.00000000     0.00000000   357.10000000
  1682     0.00000063  1000.00000000     0.00000000   357.10000000
  1683     0.00000063  1000.00000000     0.00000000   357.10000000
  1684     0.00000063  1000.00000000     0.00000000   357.10000000
  1685     0.00000063  1000.00000000     0.00000000   357.10000000
  1686     0.00000063  1000.00000000     0.00000000   357.10000000
  1687     0.00000063  1000.00000000     0.00000000   357.10000000
  1688     0.00000063  1000.00000000     0.00000000   357.10000000
  1689     0.00000063  1000.00000000     0.00000000   357.10000000
  1690     0.00000063  1000.00000000     0.00000000   357.10000000
  1691     0.00000063  1000.00000000     0.00000000   357.10000000
  1692     0.00000063  1000.00000000     0.00000000   357.10000000
  1693     0.00000063  1000.00000000     0.00000000   357.10000000
  1694     0.00000063  1000.00000000     0.00000000   357.10000000
  1695     0.00000063  1000.00000000     0.00000000   357.10000000
  1696     0.00000063  1000.00000000     0.00000000   357.10000000
  1697     0.00000063  1000.00000000     0.00000000   357.10000000
  1698     0.00000063  1000.00000000     0.00000000   357.10000000
  1699     0.00000063  1000.00000000     0.00000000   357.10000000
  1700     0.00000063  1000.00000000     0.00000000   357.10000000
  1701     0.00000063  1000.00000000     0.00000000   357.10000000
  1702     0.00000063  1000.00000000     0.00000000   357.10000000
  1703     0.00000063  1000.00000000     0.00000000   357.10000000
  1704     0.00000063  1000.00000000     0.00000000   357.10000000
  1705     0.00000063  1000.00000000     0.00000000   357.10000000
  1706     0.00000063  1000.00000000     0.00000000   357.10000000
  1707     0.00000063  1000.00000000     0.00000000   357.10000000
  1708     0.00000063  1000.00000000     0.00000000   357.10000000
  1709     0.00000063  1000.00000000     0.00000000   357.10000000
  1710     0.00000063  1000.00000000     0.00000000   357.10000000
  1711     0.00000063  1000.00000000     0.00000000   357.10000000
  1712     0.00000063  1000.00000000     0.00000000   357.10000000
  1713     0.00000063  1000.00000000     0.00000000   357.10000000
  1714     0.00000063  1000.00000000     0.00000000   357.10000000
  1715     0.00000063  1000.00000000     0.00000000   357.10000000
  1716     0.00000063  1000.00000000     0.00000000   357.10000000
  1717     0.00000063  1000.00000000     0.00000000   357.10000000
  1718     0.00000063  1000.00000000     0.00000000   357.10000000
  1719     0.00000063  1000.00000000     0.00000000   357.10000000
  1720     0.00000063  1000.00000000     0.00000000   357.10000000
  1721     0.00000063  1000.00000000     0.00000000   357.10000000
  1722     0.00000063  1000.00000000     0.00000000   357.10000000
  1723     0.00000063  1000.00000000     0.00000000   357.10000000
  1724     0.00000063  1000.00000000     0.00000000   357.10000000
  1725     0.00000063  1000.00000000     0.00000000   357.10000000
  1726     0.00000063  1000.00000000     0.00000000   357.10000000
  1727     0.00000063  1000.00000000     0.00000000   357.10000000
  1728     0.00000063  1000.00000000     0.00000000   357.10000000
  1729     0.00000063  1000.00000000     0.00000000   357.10000000
  1730     0.00000063  1000.00000000     0.00000000   357.10000000
  1731     0.00000063  1000.00000000     0.00000000   357.10000000
  1732     0.00000063  1000.00000000     0.00000000   357.10000000
  1733     0.00000063  1000.00000000     0.00000000   357.10000000
  1734     0.00000063  1000.00000000     0.00000000   357.10000000
  1735     0.00000063  1000.00000000     0.00000000   357.10000000
  1736     0.00000063  1000.00000000     0.00000000   357.10000000
  1737     0.00000063  1000.00000000     0.00000000   357.10000000
  1738     0.00000063  1000.00000000     0.00000000   357.10000000
  1739     0.00000063  1000.00000000     0.00000000   357.10000000
  1740     0.00000063  1000.00000000     0.00000000   357.10000000
  1741     0.00000063  1000.00000000     0.00000000   357.10000000
  1742     0.00000063  1000.00000000     0.00000000   357.10000000
  1743     0.00000063  1000.00000000     0.00000000   357.10000000
  1744     0.00000063  1000.00000000     0.00000000   357.10000000
  1745     0.00000063  1000.00000000     0.00000000   357.10000000
  1746     0.00000063  1000.00000000     0.00000000   357.10000000
  1747     0.00000063  1000.00000000     0.00000000   357.10000000
  1748     0.00000063  1000.00000000     0.00000000   357.10000000
  1749     0.00000063  1000.00000000     0.00000000   357.10000000
  1750     0.00000063  1000.00000000     0.00000000   357.10000000
  1751     0.00000063  1000.00000000     0.00000000   357.10000000
  1752     0.00000063  1000.00000000     0.00000000   357.10000000
  1753     0.00000063  1000.00000000     0.00000000   357.10000000
  1754     0.00000063  1000.00000000     0.00000000   357.10000000
  1755     0.00000063  1000.00000000     0.00000000   357.10000000
  1756     0.00000063  1000.00000000     0.00000000   357.10000000
  1757     0.00000063  1000.00000000     0.00000000   357.10000000
  1758     0.00000063  1000.00000000     0.00000000   357.10000000
  1759     0.00000063  1000.00000000     0.00000000   357.10000000
  1760     0.00000063  1000.00000000     0.00000000   357.10000000
  1761     0.00000063  1000.00000000     0.00000000   357.10000000
  1762     0.00000063  1000.00000000     0.00000000   357.10000000
  1763     0.00000063  1000.00000000     0.00000000   357.10000000
  1764     0.00000063  1000.00000000     0.00000000   357.10000000
  1765     0.00000063  1000.00000000     0.00000000   357.10000000
  1766     0.00000063  1000.00000000     0.00000000   357.10000000
  1767     0.00000063  1000.00000000     0.00000000   357.10000000
  1768     0.00000063  1000.00000000     0.00000000   357.10000000
  1769     0.00000063  1000.00000000     0.00000000   357.10000000
  1770     0.00000063  1000.00000000     0.00000000   357.10000000
  1771     0.00000063  1000.00000000     0.00000000   357.10000000
  1772     0.00000063  1000.00000000     0.00000000   357.10000000
  1773     0.00000063  1000.00000000     0.00000000   357.10000000
  1774     0.00000063  1000.00000000     0.00000000   357.10000000
  1775     0.00000063  1000.00000000     0.00000000   357.10000000
  1776     0.00000063  1000.00000000     0.00000000   357.10000000
  1777     0.00000063  1000.00000000     0.00000000   357.10000000
  1778     0.00000063  1000.00000000     0.00000000   357.10000000
  1779     0.00000063  1000.00000000     0.00000000   357.10000000
  1780     0.00000063  1000.00000000     0.00000000   357.10000000
  1781     0.00000063  1000.00000000     0.00000000   357.10000000
  1782     0.00000063  1000.00000000     0.00000000   357.10000000
  1783     0.00000063  1000.00000000     0.00000000   357.10000000
  1784     0.00000063  1000.00000000     0.00000000   357.10000000
  1785     0.00000063  1000.00000000     0.00000000   357.10000000
  1786     0.00000063  1000.00000000     0.00000000   357.10000000
  1787     0.00000063  1000.00000000     0.00000000   357.10000000
  1788     0.00000063  1000.00000000     0.00000000   357.10000000
  1789     0.00000063  1000.00000000     0.00000000   357.10000000
  1790     0.00000063  1000.00000000     0.00000000   357.10000000
  1791     0.00000063  1000.00000000     0.00000000   357.10000000
  1792     0.00000063  1000.00000000     0.00000000   357.10000000
  1793     0.00000063  1000.00000000     0.00000000   357.10000000
  1794     0.00000063  1000.00000000     0.00000000   357.10000000
  1795     0.00000063  1000.00000000     0.00000000   357.10000000
  1796     0.00000063  1000.00000000     0.00000000   357.10000000
  1797     0.00000063  1000.00000000     0.00000000   357.10000000
  1798     0.00000063  1000.00000000     0.00000000   357.10000000
  1799     0.00000063  1000.00000000     0.00000000   357.10000000
  1800     0.00000063  1000.00000000     0.00000000   357.10000000
  1801     0.00000063  1000.00000000     0.00000000   357.10000000
  1802     0.00000063  1000.00000000     0.00000000   357.10000000
  1803     0.00000063  1000.00000000     0.00000000   357.10000000
  1804     0.00000063  1000.00000000     0.00000000   357.10000000
  1805     0.00000063  1000.00000000     0.00000000   357.10000000
  1806     0.00000063  1000.00000000     0.00000000   357.10000000
  1807     0.00000063  1000.00000000     0.00000000   357.10000000
  1808     0.00000063  1000.00000000     0.00000000   357.10000000
  1809     0.00000063  1000.00000000     0.00000000   357.10000000
  1810     0.00000063  1000.00000000     0.00000000   357.10000000
  1811     0.00000063  1000.00000000     0.00000000   357.10000000
  1812     0.00000063  1000.00000000     0.00000000   357.10000000
  1813     0.00000063  1000.00000000     0.00000000   357.10000000
  1814     0.00000063  1000.00000000     0.00000000   357.10000000
  1815     0.00000063  1000.00000000     0.00000000   357.10000000
  1816     0.00000063  1000.00000000     0.00000000   357.10000000
  1817     0.00000063  1000.00000000     0.00000000   357.10000000
  1818     0.00000063  1000.00000000     0.00000000   357.10000000
  1819     0.00000063  1000.00000000     0.00000000   357.10000000
  1820     0.00000063  1000.00000000     0.00000000   357.10000000
  1821     0.00000063  1000.00000000     0.00000000   357.10000000
  1822     0.00000063  1000.00000000     0.00000000   357.10000000
  1823     0.00000063  1000.00000000     0.00000000   357.10000000
  1824     0.00000063  1000.00000000     0.00000000   357.10000000
  1825     0.00000063  1000.00000000     0.00000000   357.10000000
  1826     0.00000063  1000.00000000     0.00000000   357.10000000
  1827     0.00000063  1000.00000000     0.00000000   357.10000000
  1828     0.00000063  1000.00000000     0.00000000   357.10000000
  1829     0.00000063  1000.00000000     0.00000000   357.10000000
  1830     0.00000063  1000.00000000     0.00000000   357.10000000
  1831     0.00000063  1000.00000000     0.00000000   357.10000000
  1832     0.00000063  1000.00000000     0.00000000   357.10000000
  1833     0.00000063  1000.00000000     0.00000000   357.10000000
  1834     0.00000063  1000.00000000     0.00000000   357.10000000
  1835     0.00000063  1000.00000000     0.00000000   357.10000000
  1836     0.00000063  1000.00000000     0.00000000   357.10000000
  1837     0.00000063  1000.00000000     0.00000000   357.10000000
  1838     0.00000063  1000.00000000     0.00000000   357.10000000
  1839     0.00000063  1000.00000000     0.00000000   357.10000000
  1840     0.00000063  1000.00000000     0.00000000   357.10000000
  1841     0.00000063  1000.00000000     0.00000000   357.10000000
  1842     0.00000063  1000.00000000     0.00000000   357.10000000
  1843     0.00000063  1000.00000000     0.00000000   357.10000000
  1844     0.00000063  1000.00000000     0.00000000   357.10000000
  1845     0.00000063  1000.00000000     0.00000000   357.10000000
  1846     0.00000063  1000.00000000     0.00000000   357.10000000
  1847     0.00000063  1000.00000000     0.00000000   357.10000000
  1848     0.00000063  1000.00000000     0.00000000   357.10000000
  1849     0.00000063  1000.00000000     0.00000000   357.10000000
  1850     0.00000063  1000.00000000     0.00000000   357.10000000
  1851     0.00000063  1000.00000000     0.00000000   357.10000000
  1852     0.00000063  1000.00000000     0.00000000   357.10000000
  1853     0.00000063  1000.00000000     0.00000000   357.10000000
  1854     0.00000063  1000.00000000     0.00000000   357.10000000
  1855     0.00000063  1000.00000000     0.00000000   357.10000000
  1856     0.00000063  1000.00000000     0.00000000   357.10000000
  1857     0.00000063  1000.00000000     0.00000000   357.10000000
  1858     0.00000063  1000.00000000     0.00000000   357.10000000
  1859     0.00000063  1000.00000000     0.00000000   357.10000000
  1860     0.00000063  1000.00000000     0.00000000   357.10000000
  1861     0.00000063  1000.00000000     0.00000000   357.10000000
  1862     0.00000063  1000.00000000     0.00000000   357.10000000
  1863     0.00000063  1000.00000000     0.00000000   357.10000000
  1864     0.00000063  1000.00000000     0.00000000   357.10000000
  1865     0.00000063  1000.00000000     0.00000000   357.10000000
  1866     0.00000063  1000.00000000     0.00000000   357.10000000
  1867     0.00000063  1000.00000000     0.00000000   357.10000000
  1868     0.00000063  1000.00000000     0.00000000   357.10000000
  1869     0.00000063  1000.00000000     0.00000000   357.10000000
  1870     0.00000063  1000.00000000     0.00000000   357.10000000
  1871     0.00000063  1000.00000000     0.00000000   357.10000000
  1872     0.00000063  1000.00000000     0.00000000   357.10000000
  1873     0.00000063  1000.00000000     0.00000000   357.10000000
  1874     0.00000063  1000.00000000     0.00000000   357.10000000
  1875     0.00000063  1000.00000000     0.00000000   357.10000000
  1876     0.00000063  1000.00000000     0.00000000   357.10000000
  1877     0.00000063  1000.00000000     0.00000000   357.10000000
  1878     0.00000063  1000.00000000     0.00000000   357.10000000
  1879     0.00000063  1000.00000000     0.00000000   357.10000000
  1880     0.00000063  1000.00000000     0.00000000   357.10000000
  1881     0.00000063  1000.00000000     0.00000000   357.10000000
  1882     0.00000063  1000.00000000     0.00000000   357.10000000
  1883     0.00000063  1000.00000000     0.00000000   357.10000000
  1884     0.00000063  1000.00000000     0.00000000   357.10000000
  1885     0.00000063  1000.00000000     0.00000000   357.10000000
  1886     0.00000063  1000.00000000     0.00000000   357.10000000
  1887     0.00000063  1000.00000000     0.00000000   357.10000000
  1888     0.00000063  1000.00000000     0.00000000   357.10000000
  1889     0.00000063  1000.00000000     0.00000000   357.10000000
  1890     0.00000063  1000.00000000     0.00000000   357.10000000
  1891     0.00000063  1000.00000000     0.00000000   357.10000000
  1892     0.00000063  1000.00000000     0.00000000   357.10000000
  1893     0.00000063  1000.00000000     0.00000000   357.10000000
  1894     0.00000063  1000.00000000     0.00000000   357.10000000
  1895     0.00000063  1000.00000000     0.00000000   357.10000000
  1896     0.00000063  1000.00000000     0.00000000   357.10000000
  1897     0.00000063  1000.00000000     0.00000000   357.10000000
  1898     0.00000063  1000.00000000     0.00000000   357.10000000
  1899     0.00000063  1000.00000000     0.00000000   357.10000000
  1900     0.00000063  1000.00000000     0.00000000   357.10000000
  1901     0.00000063  1000.00000000     0.00000000   357.10000000
  1902     0.00000063  1000.00000000     0.00000000   357.10000000
  1903     0.00000063  1000.00000000     0.00000000   357.10000000
  1904     0.00000063  1000.00000000     0.00000000   357.10000000
  1905     0.00000063  1000.00000000     0.00000000   357.10000000
  1906     0.00000063  1000.00000000     0.00000000   357.10000000
  1907     0.00000063  1000.00000000     0.00000000   357.10000000
  1908     0.00000063  1000.00000000     0.00000000   357.10000000
  1909     0.00000063  1000.00000000     0.00000000   357.10000000
  1910     0.00000063  1000.00000000     0.00000000   357.10000000
  1911     0.00000063  1000.00000000     0.00000000   357.10000000
  1912     0.00000063  1000.00000000     0.00000000   357.10000000
  1913     0.00000063  1000.00000000     0.00000000   357.10000000
  1914     0.00000063  1000.00000000     0.00000000   357.10000000
  1915     0.00000063  1000.00000000     0.00000000   357.10000000
  1916     0.00000063  1000.00000000     0.00000000   357.10000000
  1917     0.00000063  1000.00000000     0.00000000   357.10000000
  1918     0.00000063  1000.00000000     0.00000000   357.10000000
  1919     0.00000063  1000.00000000     0.00000000   357.10000000
  1920     0.00000063  1000.00000000     0.00000000   357.10000000
